1500
12  120    0  15 199 390     0   0   0   0    0
12  120    0  15 220 389     0   0   0   0    0
11  120    0  15 190 389     0   0   0   0    0
 7  120    0  15 176 242     0   0   0   0    0
 2  150    0  15 176 242     0   0   0   0    0
 2  150    0  15 176 242     0   0   0   0    0
 2  150    0  15 176 242     0   0   0   0    0
 6   70    0  30 311 380   140 100 155 100   50
 7   75    0 -15 367 471   190   0 165 200   70
11   90    0  20 419 370   190  60 215 150  100
 6   60    0  20 347 209   130 120 200 100   50
 7   80    0 -15 281 436   210   0  50 230   70
13   60    0  10 465 287   210 170 240 110  100
 5   60    0  10 293 249   210 100  70 145   50
 9   70    0   0 335 348   140 100 180 235   70
 8   70    0  10 487 260   230 120 245 135  100
13   80    0   0 357 382   180  10 165 295   50
10   70    0  10 379 385   180 150 185 100   70
13   80    0   0 361 393   180 150 165  80  100
 9  120    0   0 306 438     0   0   0   0    0