1000
 9  100  0  15 199 390     0   0   0   0     0
10  100  0  15 220 389     0   0   0   0     0
 8  100  0  15 176 242     0   0   0   0     0
 8   50  0  30 311 380   140 100 155 100     0
 9   60  0 -15 367 471   190   0 165 200     0
10   70  0  20 419 370   190  60 215 150     0
 5   60  0  20 347 209   130 120 200 100     0
10   80  0 -15 281 436   210   0  50 230     0
12   60  0  10 465 287   210 170 240 110     0
 5   60  0  10 293 249   210 100  70 145     0
 9   70  0   0 335 348   140 100 180 235     0
10   70  0  10 487 260   230 120 245 135     0
14   80  0   0 357 382   180  10 165 295     0
15   70  0  10 379 385   180 150 185 100     0
18   80  0   0 361 393   180 150 165  80     0